OA1 0 0 0 0 1 0 0 0 0 0 0 1 0 0 0 0 0 0 0 
AA No TOS3 1 1 1 1 0 0 0 2 2 0 0 2 0 0 0 0 1 0 0 
Reroutable1 1 1 2 6 2 1 0 0 1 2 8 4 0 1 0 0 4 3 3 
OA1 0 0 0 0 1 0 0 0 0 0 0 1 0 0 0 0 0 0 0 
AA No TOS3 1 1 1 1 0 0 0 2 2 0 0 2 0 0 0 0 1 0 0 
Reroutable1 1 1 2 6 3 1 0 0 1 2 8 4 0 1 0 0 4 3 3 
OA1 0 0 0 0 1 0 0 0 0 0 0 1 0 0 0 0 0 0 0 
AA No TOS3 1 1 1 1 0 0 0 2 2 0 0 2 0 0 0 0 1 0 0 
Reroutable1 1 1 2 6 2 1 0 0 1 2 8 4 0 1 0 0 4 3 3 
OA1 0 0 0 0 1 0 0 0 0 0 0 1 0 0 0 0 0 0 0 
AA No TOS3 1 1 1 1 0 0 0 2 2 0 0 2 0 0 0 0 1 0 0 
Reroutable1 1 1 2 6 3 1 0 0 1 2 8 4 0 1 0 0 4 3 3 
OA1 0 0 0 0 1 0 0 0 0 0 0 1 0 0 0 0 0 0 0 
AA No TOS3 1 1 1 1 0 0 0 2 2 0 0 2 0 0 0 0 1 0 0 
Reroutable1 1 1 2 6 2 1 0 0 1 2 8 4 0 1 0 0 4 3 3 
OA1 0 0 0 0 1 0 0 0 0 0 0 1 0 0 0 0 0 0 0 
AA No TOS3 1 1 1 1 0 0 0 2 2 0 0 2 0 0 0 0 1 0 0 
Reroutable1 1 1 2 6 3 1 0 0 1 2 8 4 0 1 0 0 4 3 3 
OA1 0 0 0 0 1 0 0 0 0 0 0 1 0 0 0 0 0 0 0 
AA No TOS3 1 1 1 1 0 0 0 2 2 0 0 2 0 0 0 0 1 0 0 
Reroutable1 1 1 2 6 2 1 0 0 1 2 8 4 0 1 0 0 4 3 3 
OA1 0 0 0 0 1 0 0 0 0 0 0 1 0 0 0 0 0 0 0 
AA No TOS3 1 1 1 1 0 0 0 2 2 0 0 2 0 0 0 0 1 0 0 
Reroutable1 1 1 2 6 3 1 0 0 1 2 8 4 0 1 0 0 4 3 3 
OA1 0 0 0 0 1 0 0 0 0 0 0 1 0 0 0 0 0 0 0 
AA No TOS3 1 1 1 1 0 0 0 2 2 0 0 2 0 0 0 0 1 0 0 
Reroutable1 1 1 2 6 2 1 0 0 1 2 8 4 0 1 0 0 4 3 3 
OA1 0 0 0 0 1 0 0 0 0 0 0 1 0 0 0 0 0 0 0 
AA No TOS3 1 1 1 1 0 0 0 2 2 0 0 2 0 0 0 0 1 0 0 
Reroutable1 1 1 2 6 3 1 0 0 1 2 8 4 0 1 0 0 4 3 3 
OA1 0 0 0 0 1 0 0 0 0 0 0 1 0 0 0 0 0 0 0 
AA No TOS3 1 1 1 1 0 0 0 2 2 0 0 2 0 0 0 0 1 0 0 
Reroutable1 1 1 2 6 2 1 0 0 1 2 8 4 0 1 0 0 4 3 3 
OA1 0 0 0 0 1 0 0 0 0 0 0 1 0 0 0 0 0 0 0 
AA No TOS3 1 1 1 1 0 0 0 2 2 0 0 2 0 0 0 0 1 0 0 
Reroutable1 1 1 2 6 2 1 0 0 1 2 8 4 0 1 0 0 4 3 3 
OA1 0 0 0 0 1 0 0 0 0 0 0 1 0 0 0 0 0 0 0 
AA No TOS3 1 1 1 1 0 0 0 2 2 0 0 2 0 0 0 0 1 0 0 
Reroutable1 1 1 2 6 2 1 0 0 1 2 8 4 0 1 0 0 4 3 3 
OA1 0 0 0 0 1 0 0 0 0 0 0 1 0 0 0 0 0 0 0 
AA No TOS3 1 1 1 1 0 0 0 2 2 0 0 2 0 0 0 0 1 0 0 
Reroutable1 1 1 2 6 2 1 0 0 1 2 8 4 0 1 0 0 4 3 3 
OA1 0 0 0 0 1 0 0 0 0 0 0 1 0 0 0 0 0 0 0 
AA No TOS3 1 1 1 1 0 0 0 2 2 0 0 2 0 0 0 0 1 0 0 
Reroutable1 1 1 2 6 2 1 0 0 1 2 8 4 0 1 0 0 4 3 3 
OA1 0 0 0 0 1 0 0 0 0 0 0 1 0 0 0 0 0 0 0 
AA No TOS3 1 1 1 1 0 0 0 2 2 0 0 2 0 0 0 0 1 0 0 
Reroutable1 1 1 2 6 2 1 0 0 1 2 8 4 0 1 0 0 4 3 3 
OA1 0 0 0 0 1 0 0 0 0 0 0 1 0 0 0 0 0 0 0 
AA No TOS3 1 1 1 1 0 0 0 2 2 0 0 2 0 0 0 0 1 0 0 
Reroutable1 1 1 2 6 2 1 0 0 1 2 8 4 0 1 0 0 4 3 3 
OA1 0 0 0 0 1 0 0 0 0 0 0 1 0 0 0 0 0 0 0 
AA No TOS3 1 1 1 1 0 0 0 2 2 0 0 2 0 0 0 0 1 0 0 
Reroutable1 1 1 2 6 2 1 0 0 1 2 8 4 0 1 0 0 4 3 3 
