OA1 2 1 1 0 0 1 0 2 0 1 0 0 0 0 1 1 0 0 0 
Exempted2 0 0 1 0 0 0 0 0 0 0 0 0 0 0 0 0 0 0 0 
AA No TOS3 1 4 4 3 2 0 0 0 4 8 5 5 2 0 0 0 3 2 5 
Reroutable1 1 1 1 2 3 1 0 0 1 0 3 5 0 0 1 0 1 1 3 
OA1 2 1 1 0 0 1 0 2 0 1 0 0 0 0 1 1 0 0 0 
Exempted2 0 0 1 0 0 0 0 0 0 0 0 0 0 0 0 0 0 0 0 
AA No TOS3 1 4 4 3 2 0 0 0 4 8 5 5 2 0 0 0 3 2 5 
Reroutable1 1 1 3 3 7 1 0 0 1 0 4 4 0 0 1 0 1 3 3 
OA1 2 1 1 0 0 1 0 2 0 1 0 0 0 0 1 1 0 0 0 
Exempted2 0 0 1 0 0 0 0 0 0 0 0 0 0 0 0 0 0 0 0 
AA No TOS3 1 4 4 3 2 0 0 0 4 8 5 5 2 0 0 0 3 2 5 
Reroutable1 1 1 1 2 3 1 0 0 1 0 3 5 0 0 1 0 1 1 3 
OA1 2 1 1 0 0 1 0 2 0 1 0 0 0 0 1 1 0 0 0 
Exempted2 0 0 1 0 0 0 0 0 0 0 0 0 0 0 0 0 0 0 0 
AA No TOS3 1 4 4 3 2 0 0 0 4 8 5 5 2 0 0 0 3 2 5 
Reroutable1 1 1 3 3 7 1 0 0 1 0 4 4 0 0 1 0 1 3 3 
OA1 2 1 1 0 0 1 0 2 0 1 0 0 0 0 1 1 0 0 0 
Exempted2 0 0 1 0 0 0 0 0 0 0 0 0 0 0 0 0 0 0 0 
AA No TOS3 1 4 4 3 2 0 0 0 4 8 5 5 2 0 0 0 3 2 5 
Reroutable1 1 1 1 2 3 1 0 0 1 0 3 5 0 0 1 0 1 1 3 
OA1 2 1 1 0 0 1 0 2 0 1 0 0 0 0 1 1 0 0 0 
Exempted2 0 0 1 0 0 0 0 0 0 0 0 0 0 0 0 0 0 0 0 
AA No TOS3 1 4 4 3 2 0 0 0 4 8 5 5 2 0 0 0 3 2 5 
Reroutable1 1 1 3 3 7 1 0 0 1 0 4 4 0 0 1 0 1 3 3 
OA1 2 1 1 0 0 1 0 2 0 1 0 0 0 0 1 1 0 0 0 
Exempted2 0 0 1 0 0 0 0 0 0 0 0 0 0 0 0 0 0 0 0 
AA No TOS3 1 4 4 3 2 0 0 0 4 8 5 5 2 0 0 0 3 2 5 
Reroutable1 1 1 1 2 3 1 0 0 1 0 3 5 0 0 1 0 1 1 3 
OA1 2 1 1 0 0 1 0 2 0 1 0 0 0 0 1 1 0 0 0 
Exempted2 0 0 1 0 0 0 0 0 0 0 0 0 0 0 0 0 0 0 0 
AA No TOS3 1 4 4 3 2 0 0 0 4 8 5 5 2 0 0 0 3 2 5 
Reroutable1 1 1 3 3 7 1 0 0 1 0 4 4 0 0 1 0 1 3 3 
OA1 2 1 1 0 0 1 0 2 0 1 0 0 0 0 1 1 0 0 0 
Exempted2 0 0 1 0 0 0 0 0 0 0 0 0 0 0 0 0 0 0 0 
AA No TOS3 1 4 4 3 2 0 0 0 4 8 5 5 2 0 0 0 3 2 5 
Reroutable1 1 1 1 2 3 1 0 0 1 0 3 5 0 0 1 0 1 1 3 
OA1 2 1 1 0 0 1 0 2 0 1 0 0 0 0 1 1 0 0 0 
Exempted2 0 0 1 0 0 0 0 0 0 0 0 0 0 0 0 0 0 0 0 
AA No TOS3 1 4 4 3 2 0 0 0 4 8 5 5 2 0 0 0 3 2 5 
Reroutable1 1 1 3 3 7 1 0 0 1 0 4 4 0 0 1 0 1 3 3 
OA1 2 1 1 0 0 1 0 2 0 1 0 0 0 0 1 1 0 0 0 
Exempted2 0 0 1 0 0 0 0 0 0 0 0 0 0 0 0 0 0 0 0 
AA No TOS3 1 4 4 3 2 0 0 0 4 8 5 5 2 0 0 0 3 2 5 
Reroutable1 1 1 1 2 3 1 0 0 1 0 3 5 0 0 1 0 1 1 3 
OA1 2 1 1 0 0 1 0 2 0 1 0 0 0 0 1 1 0 0 0 
Exempted2 0 0 1 0 0 0 0 0 0 0 0 0 0 0 0 0 0 0 0 
AA No TOS3 1 4 4 3 2 0 0 0 4 8 5 5 2 0 0 0 3 2 5 
Reroutable1 1 1 1 2 3 1 0 0 1 0 3 5 0 0 1 0 1 1 3 
OA1 2 1 1 0 0 1 0 2 0 1 0 0 0 0 1 1 0 0 0 
Exempted2 0 0 1 0 0 0 0 0 0 0 0 0 0 0 0 0 0 0 0 
AA No TOS3 1 4 4 3 2 0 0 0 4 8 5 5 2 0 0 0 3 2 5 
Reroutable1 1 1 1 2 3 1 0 0 1 0 3 5 0 0 1 0 1 1 3 
OA1 2 1 1 0 0 1 0 2 0 1 0 0 0 0 1 1 0 0 0 
Exempted2 0 0 1 0 0 0 0 0 0 0 0 0 0 0 0 0 0 0 0 
AA No TOS3 1 4 4 3 2 0 0 0 4 8 5 5 2 0 0 0 3 2 5 
Reroutable1 1 1 1 2 3 1 0 0 1 0 3 5 0 0 1 0 1 1 3 
OA1 2 1 1 0 0 1 0 2 0 1 0 0 0 0 1 1 0 0 0 
Exempted2 0 0 1 0 0 0 0 0 0 0 0 0 0 0 0 0 0 0 0 
AA No TOS3 1 4 4 3 2 0 0 0 4 8 5 5 2 0 0 0 3 2 5 
Reroutable1 1 1 1 2 3 1 0 0 1 0 3 5 0 0 1 0 1 1 3 
OA1 2 1 1 0 0 1 0 2 0 1 0 0 0 0 1 1 0 0 0 
Exempted2 0 0 1 0 0 0 0 0 0 0 0 0 0 0 0 0 0 0 0 
AA No TOS3 1 4 4 3 2 0 0 0 4 8 5 5 2 0 0 0 3 2 5 
Reroutable1 1 1 1 2 3 1 0 0 1 0 3 5 0 0 1 0 1 1 3 
OA1 2 1 1 0 0 1 0 2 0 1 0 0 0 0 1 1 0 0 0 
Exempted2 0 0 1 0 0 0 0 0 0 0 0 0 0 0 0 0 0 0 0 
AA No TOS3 1 4 4 3 2 0 0 0 4 8 5 5 2 0 0 0 3 2 5 
Reroutable1 1 1 1 2 3 1 0 0 1 0 3 5 0 0 1 0 1 1 3 
OA1 2 1 1 0 0 1 0 2 0 1 0 0 0 0 1 1 0 0 0 
Exempted2 0 0 1 0 0 0 0 0 0 0 0 0 0 0 0 0 0 0 0 
AA No TOS3 1 4 4 3 2 0 0 0 4 8 5 5 2 0 0 0 3 2 5 
Reroutable1 1 1 1 2 3 1 0 0 1 0 3 5 0 0 1 0 1 1 3 
